         书馆 创园 浴室 心湖 通院 电院 大活 自动 b楼 水池 A楼  行政 北门 宾馆
书馆   0      600  0      200  0     0      0     0      0    1000 0      0      0     0
创园   600   0     100   0     400  0      0     0      0     0     0      0      0     0
浴室   0       100
心湖   200                         600   600  400
通院 
电院 
大活 
自动 
b楼 
水池 
A楼  
行政 
北门 
宾馆
图书馆0 600 0 200 0 0 0 0 0 1000 0 0 0 0
产业园600 0 100 0 400 0 0 0 0 0 0 0 0 0
浴室0 100 0 0 0 0 0 0 0 0 0 0 0 0
心形湖200 0 0 0 600 600 400 0 0 0 0 0 0 0
通院0 400 0 600 0 200 0 0 0 0 0 0 0 0
电院0 0 0 600 200 0 0 300 0 0 0 0 0
大活0 0 0 400 0 0 0 500 0 0 0 700 800 0
自动化0 0 0 0 0 200 500 0 300 0 0 0 0 0
B楼0 0 0 0 0 0 0 300 0 300 100 0 400 0
水池1000 0 0 0 0 0 0 0 300 0 0 0 200 0
A楼0 0 0 0 0 0 0 0 100 0 0 0 500 200
行政楼0 0 0 0 0 0 700 0 0 0 0 0 300 0
北门0 0 0 0 0 0 800 0 400 200 500 300 0 300
宾馆0 0 0 0 0 0 0 0 0 0 200 0 300 0
0 600 0 200 0 0 0 0 0 1000 0 0 0 0
600 0 100 0 400 0 0 0 0 0 0 0 0 0
0 100 0 0 0 0 0 0 0 0 0 0 0 0
200 0 0 0 600 600 400 0 0 0 0 0 0 0
0 400 0 600 0 200 0 0 0 0 0 0 0 0
0 0 0 600 200 0 0 300 0 0 0 0 0 0
0 0 0 400 0 0 0 500 0 0 0 700 800 0
0 0 0 0 0 200 500 0 300 0 0 0 0 0
0 0 0 0 0 0 0 300 0 300 100 0 400 0
1000 0 0 0 0 0 0 0 300 0 0 0 200 0
0 0 0 0 0 0 0 0 100 0 0 0 500 200
0 0 0 0 0 0 700 0 0 0 0 0 300 0
0 0 0 0 0 0 800 0 400 200 500 300 0 300
0 0 0 0 0 0 0 0 0 0 200 0 300 0
